%YAML:1.0
---
num: 2
Error_0: 1.9204131280283237e-02
Matrix_0: !!opencv-matrix
   rows: 4
   cols: 4
   dt: d
   data: [ -1.4635967426182064e-01, 9.8921847296809040e-01,
       -5.0654208760828774e-03, 1.5190322624493947e-02,
       9.8907817791022379e-01, 1.4624494624279050e-01,
       -1.8351394503499756e-02, 5.0442567244559533e-02,
       -1.7412746243867867e-02, -7.6960013722467196e-03,
       -9.9981876749295229e-01, 2.0432039730192919e-01, 0., 0., 0., 1. ]
Error_1: 2.2707050092136857e-02
Matrix_1: !!opencv-matrix
   rows: 4
   cols: 4
   dt: d
   data: [ -1.1743546298696362e-02, 1.1249961410395329e-01,
       -9.9358236998589611e-01, 7.7275468324531180e-02,
       3.3033448818304161e-02, -9.9306487894198348e-01,
       -1.1283145603555517e-01, 9.1377313035279524e-03,
       -9.9938525123172284e-01, -3.4146493793601150e-02,
       7.9458531388823042e-03, 7.0832165224205781e-02, 0., 0., 0., 1. ]
Tool: !!opencv-matrix
   rows: 4
   cols: 4
   dt: d
   data: [ 6.3738936699271297e-03, -9.9899457036431616e-01,
       4.4375915338162285e-02, 7.2456618710392523e-02,
       1.5516242556074854e-03, -4.4366883017673109e-02,
       -9.9901410007740366e-01, 0., 9.9997848273933065e-01,
       6.4364643952545767e-03, 1.2672744117764117e-03, 0., 0., 0., 0.,
       1. ]
CameraExtrinsicMat: !!opencv-matrix
   rows: 4
   cols: 4
   dt: d
   data: [ 1., 0., 0., 0., 0., 1., 0., 0, 0., 0., 1., 0., 0., 0., 0., 1. ]
IRColorCameraExtrinsicMat: !!opencv-matrix
   rows: 4
   cols: 4
   dt: d
   data: [ 9.9849310762198007e-01, 3.2875241408744974e-04,
       4.6113274227546248e-03, 2.4813445113407645e-01,
       -2.2850442549810029e-03, 1.0002073264009337e+00,
       -7.9937261770174420e-03, 1.3391154911706357e-02,
       -1.7001937665174528e-02, -2.4010132818654351e-03,
       1.1195285581261878e+00, -1.3854203983894070e-01, 0., 0., 0., 1. ]
IRCameraMat: !!opencv-matrix
   rows: 3
   cols: 3
   dt: d
   data: [ 8.1413958740234375e+02, 0., 3.3747164916992188e+02, 0.,
       8.1439453125000000e+02, 2.6508486938476562e+02, 0., 0., 1. ]
IRDistCoeff: !!opencv-matrix
   rows: 5
   cols: 1
   dt: d
   data: [ -3.7513261883366705e-01, 3.1855712344025749e-01,
       -5.7926116927648791e-05, -1.7709630610676997e-03,
       -5.1747755659468297e-01 ]
IRImageSize: [ 640, 512 ]
CameraMat: !!opencv-matrix
   rows: 3
   cols: 3
   dt: d
   data: [ 1.7925276358651911e+03, 0., 9.9037716087339936e+02, 0.,
       1.7933801079463296e+03, 5.5123015370304483e+02, 0., 0., 1. ]
DistCoeff: !!opencv-matrix
   rows: 5
   cols: 1
   dt: d
   data: [ -1.3073148561071377e-01, -2.1847822729058269e-01,
       -4.0749622702835036e-04, -6.8055999198082199e-04,
       6.3423501310918795e-01 ]
ImageSize: [ 1920, 1080 ]
